                                                                    11225592434 
                                                                    3241392 599 
                                                                    15122   4751
                 21                                                 142 2 131332
              12 2                                                   12268862 23
              1134       1 1               2211                       3569933215
                44  21  2448              1983                       19479664663
                34  331222141             3993                       39924126942
              13 111332221 1             489951    21                 9874519882
               121222233             1  4399995    15331 11       1321995563872 
               1    242 2         2375521859961  2228832231     2123314992224111
                     2 113        3973621843724 22 2993 452     513242594898156 
                       152       3265763356212332  11321652       2273393288712 
                       2641     12599974775          1 111 12      4444232 45 3 
                       34        1243999294           22  2841     574112  121  
                      251          223952941          282  12      17212  113   
                   321162     2    1  2 36          21122           521322343   
                   23  21     32       2            221611          143 2531    
                 1114 111    2112431               52426           142    2     
                  12 1 11    1   123                2111           2  121       
                        113235    3               131          162397641        
2                          125122652            6 2 1           2554946252      
53  1  1                    251  2    11  1    14411131         11    151431    
15 13222 12            1  1845      3177331113 32457994              2231561    
 11136   184          11   361    61165554333253  29994               1 11      
    422 41461     212  51  12   126428977665147511557973                        
     113111411   129774322 11  274948999534957764 232356                        
       1  154   3223433541 2    6269979341699743521596681                       
           37123499433221111  317 269193729999762 2299751                       
           343 179775631942  1289123 134219889982  1656                         
           3 31129699852751     131  43963943691    1432                        
            4 7659398825675      12  1341384122    22561                        
       1315424799999933963             2  1  12342332 31                        
        14984 1479999844232              11     2121431                         
        2415242 96999892221             11     33211                            
         112452119996131431              12    351                              
              1212872599741         1      12   22                              
                 3769498473        6112   12     2                              
                  23993955         3 451   3                                    
                  34596852       121 1953221                                    
                   313743           5743 4  2368                                
                     1131           135 31   1195                               
                      2152               2 111 565                              
                         661            14142   25                              
                        234              1341   342                             
                       134                       1 31                           
                         3                        111                           
                                                   2                            
                                                21 1                            
               1                               3461 4                           
               22  1                          2641 12                           
              321 22                       2249942113                           
             3426321                      16779943412                           
            2263341                        243894 31                            
            3642323                         17932                               
            361   41                         2593   1                           
                 341                          14854421                          
                1231                            2  113                          


